40.446 0.018591
40.988 0.016948
41.500 0.031401
42.058 0.990059
43.554 0.018031
44.085 0.017000
44.592 0.016723
45.130 0.017342
45.644 0.018507
46.169 0.016869
46.717 0.018122
47.232 0.016892
47.745 0.017634
48.273 0.018087
48.831 0.018353
49.364 0.016405
49.877 0.018639
50.405 0.022335
50.972 0.019744
51.525 0.017253
52.064 0.017772
52.584 0.016739
53.090 0.017536
53.608 0.015801
54.127 0.017149
54.637 0.016138
55.167 0.016628
55.670 0.016308
56.169 0.016896
56.693 0.016206
57.201 0.017266
57.720 0.016977
58.216 0.016534
58.742 0.016940
59.248 0.016149
59.752 0.016586
00.251 0.017425
00.767 0.016376
01.276 0.021582
01.788 0.016139
